YYYY MM DD HH    DURATION(hhhh) #RECORDS
YYYY MM DD HH MM DURATION(hhmm) LAT LON HGT(m) RATE(/h) AREA(m2) HEAT(w)
2024 09 09 00 23 5
2024 09 09 00 00 2300 -18.550   -57.750   1425.6     3020.402     117219411.3    2326214656.0
2024 09 09 00 00 2300 -18.550   -57.650   1564.9     1848.879     117219411.3    1423945856.0
2024 09 09 00 00 2300 -17.450   -58.950   1623.8     1644.804     117952937.6    1266774400.0
2024 09 09 00 00 2300 -11.050   -54.950   1433.3     1569.026     121350810.5    803256448.0
2024 09 09 00 00 2300 -9.350    -55.050   1747.9     1562.546     122000433.6    799939136.0
2024 09 10 00 23 5
2024 09 10 00 00 2300 -22.750   -53.550   1598.6     1181.816     114023802.7    605025920.0
2024 09 10 00 00 2300 -22.750   -53.650   1577.3     1023.883     114023802.7    1033717568.0
2024 09 10 00 00 2300 -11.050   -54.950   1433.3     897.615      121350810.5    459530176.0
2024 09 10 00 00 2300 -15.550   -55.550   1193.9     889.351      119117392.9    684949184.0
2024 09 10 00 00 2300 -15.850   -63.850   1942.9     811.433      118942208.0    415409600.0
2024 09 11 00 23 5
2024 09 11 00 00 2300 -10.850   -53.050   1969.4     3310.149     121432793.1    1694617216.0
2024 09 11 00 00 2300 -15.050   -60.350   1109.1     2382.752     119402108.3    1835117568.0
2024 09 11 00 00 2300 -15.950   -57.650   1866.7     1716.344     118883088.2    1321871872.0
2024 09 11 00 00 2300 -15.950   -57.650   1866.7     1716.344     118883088.2    1321871872.0
2024 09 11 00 00 2300 -15.550   -62.550   1781.5     775.778      119117392.9    397156128.0
2024 09 12 00 23 5
2024 09 12 00 00 2400 -15.950   -57.650   1769.9     2073.372     118883088.2    1596843264.0
2024 09 12 00 00 2400 -14.750   -65.250   1700.0     1105.457     119568574.3    565934272.0
2024 09 12 00 00 2400 -19.550   -58.750   1850.0     1015.274     116515070.5    781930688.0
2024 09 12 00 00 2400 -10.850   -53.050   1969.4     927.331      121432793.1    474743424.0
2024 09 12 00 00 2400 -14.950   -57.350   1200.0     881.141      119457960.9    678625856.0
