     2     1
    ECMG    24     9     1     0     0
    NGM     95    10    16     0     0
     3 BACKWARD OMEGA   
    24     9    13     0  -26.720  -53.510  1850.0
    24     9    13     0  -26.720  -53.510  1305.1
    24     9    13     0  -26.720  -53.510   786.9
     1 PRESSURE
     1     1    24     9    13     0     0     0     0.0  -26.720  -53.510   1850.0    771.7
     2     1    24     9    13     0     0     0     0.0  -26.720  -53.510   1305.1    822.9
     3     1    24     9    13     0     0     0     0.0  -26.720  -53.510    786.9    874.0
     1     1    24     9    12    23     0     0    -1.0  -26.227  -54.157   1911.8    773.7
     2     1    24     9    12    23     0     0    -1.0  -26.291  -53.985   1469.8    802.9
     3     1    24     9    12    23     0     0    -1.0  -26.395  -53.763    993.5    843.6
     1     1    24     9    12    22     0     0    -2.0  -25.751  -54.678   1893.3    790.5
     2     1    24     9    12    22     0     0    -2.0  -25.887  -54.358   1555.6    818.6
     3     1    24     9    12    22     0     0    -2.0  -26.066  -54.008   1085.6    847.6
     1     1    24     9    12    21     0     0    -3.0  -25.311  -55.112   1770.9    800.3
     2     1    24     9    12    21     0     0    -3.0  -25.557  -54.617   1515.0    826.7
     3     1    24     9    12    21     0     0    -3.0  -25.806  -54.199   1069.8    863.9
     1     1    24     9    12    20     0     0    -4.0  -24.893  -55.507   1787.8    797.6
     2     1    24     9    12    20     0     0    -4.0  -25.299  -54.842   1438.0    832.4
     3     1    24     9    12    20     0     0    -4.0  -25.601  -54.349    970.0    877.8
     1     1    24     9    12    19     0     0    -5.0  -24.484  -55.891   1790.4    800.4
     2     1    24     9    12    19     0     0    -5.0  -25.065  -55.092   1325.1    841.4
     3     1    24     9    12    19     0     0    -5.0  -25.442  -54.465    854.7    890.9
     1     1    24     9    12    18     0     0    -6.0  -24.090  -56.272   1765.6    807.1
     2     1    24     9    12    18     0     0    -6.0  -24.813  -55.392   1227.4    850.5
     3     1    24     9    12    18     0     0    -6.0  -25.310  -54.556    739.9    902.6
     1     1    24     9    12    17     0     0    -7.0  -23.695  -56.642   1769.7    808.5
     2     1    24     9    12    17     0     0    -7.0  -24.521  -55.733   1181.5    859.4
     3     1    24     9    12    17     0     0    -7.0  -25.188  -54.655    625.8    914.1
     1     1    24     9    12    16     0     0    -8.0  -23.307  -56.999   1726.8    815.4
     2     1    24     9    12    16     0     0    -8.0  -24.212  -56.090   1136.0    867.3
     3     1    24     9    12    16     0     0    -8.0  -25.071  -54.766    504.2    925.5
     1     1    24     9    12    15     0     0    -9.0  -22.937  -57.331   1656.2    824.7
     2     1    24     9    12    15     0     0    -9.0  -23.903  -56.432   1113.4    873.4
     3     1    24     9    12    15     0     0    -9.0  -24.945  -54.888    424.5    932.7
     1     1    24     9    12    14     0     0   -10.0  -22.566  -57.629   1607.0    828.0
     2     1    24     9    12    14     0     0   -10.0  -23.599  -56.754   1123.9    872.6
     3     1    24     9    12    14     0     0   -10.0  -24.794  -55.045    407.6    933.1
     1     1    24     9    12    13     0     0   -11.0  -22.216  -57.887   1595.8    834.2
     2     1    24     9    12    13     0     0   -11.0  -23.300  -57.071   1144.9    873.8
     3     1    24     9    12    13     0     0   -11.0  -24.601  -55.289    399.0    936.6
     1     1    24     9    12    12     0     0   -12.0  -21.886  -58.123   1608.3    832.7
     2     1    24     9    12    12     0     0   -12.0  -23.023  -57.383   1150.0    876.1
     3     1    24     9    12    12     0     0   -12.0  -24.385  -55.590    375.0    943.9
     1     1    24     9    12    11     0     0   -13.0  -21.564  -58.359   1609.2    831.5
     2     1    24     9    12    11     0     0   -13.0  -22.752  -57.706   1154.2    874.7
     3     1    24     9    12    11     0     0   -13.0  -24.169  -55.908    368.7    946.9
     1     1    24     9    12    10     0     0   -14.0  -21.249  -58.622   1610.5    830.1
     2     1    24     9    12    10     0     0   -14.0  -22.489  -58.040   1165.8    875.0
     3     1    24     9    12    10     0     0   -14.0  -23.966  -56.213    356.8    949.0
     1     1    24     9    12     9     0     0   -15.0  -20.919  -58.900   1643.3    827.4
     2     1    24     9    12     9     0     0   -15.0  -22.217  -58.345   1283.1    862.3
     3     1    24     9    12     9     0     0   -15.0  -23.789  -56.458    246.2    960.9
     1     1    24     9    12     8     0     0   -16.0  -20.566  -59.168   1603.6    829.7
     2     1    24     9    12     8     0     0   -16.0  -21.926  -58.609   1456.6    844.5
     3     1    24     9    12     8     0     0   -16.0  -23.588  -56.586    157.2    967.6
     1     1    24     9    12     7     0     0   -17.0  -20.238  -59.460   1285.3    859.5
     2     1    24     9    12     7     0     0   -17.0  -21.610  -58.856   1471.2    842.3
     3     1    24     9    12     7     0     0   -17.0  -23.283  -56.579    158.3    964.5
     1     1    24     9    12     6     0     0   -18.0  -19.953  -59.799    851.2    901.1
     2     1    24     9    12     6     0     0   -18.0  -21.333  -59.121   1059.1    883.7
     3     1    24     9    12     6     0     0   -18.0  -22.969  -56.530    165.0    963.8
     1     1    24     9    12     5     0     0   -19.0  -19.594  -60.127    725.3    909.1
     2     1    24     9    12     5     0     0   -19.0  -21.092  -59.405    573.4    932.9
     3     1    24     9    12     5     0     0   -19.0  -22.662  -56.458    182.0    961.7
     1     1    24     9    12     4     0     0   -20.0  -19.207  -60.397    834.5    889.8
     2     1    24     9    12     4     0     0   -20.0  -20.782  -59.626    400.9    950.4
     3     1    24     9    12     4     0     0   -20.0  -22.339  -56.382    224.7    954.3
     1     1    24     9    12     3     0     0   -21.0  -18.804  -60.620   1000.7    864.5
     2     1    24     9    12     3     0     0   -21.0  -20.457  -59.805    410.7    948.4
     3     1    24     9    12     3     0     0   -21.0  -22.017  -56.323    274.8    946.9
     1     1    24     9    12     2     0     0   -22.0  -18.387  -60.812   1070.2    861.1
     2     1    24     9    12     2     0     0   -22.0  -20.146  -59.958    434.7    944.3
     3     1    24     9    12     2     0     0   -22.0  -21.704  -56.292    296.7    943.7
     1     1    24     9    12     1     0     0   -23.0  -17.951  -60.988   1087.2    861.5
     2     1    24     9    12     1     0     0   -23.0  -19.852  -60.084    433.2    941.5
     3     1    24     9    12     1     0     0   -23.0  -21.407  -56.268    268.2    948.4
     1     1    24     9    12     0     0     0   -24.0  -17.517  -61.159   1121.2    860.7
     2     1    24     9    12     0     0     0   -24.0  -19.553  -60.176    397.0    940.8
     3     1    24     9    12     0     0     0   -24.0  -21.136  -56.244    229.4    953.9
     1     1    24     9    11    23     0     0   -25.0  -17.094  -61.335   1219.8    842.4
     2     1    24     9    11    23     0     0   -25.0  -19.249  -60.252    342.6    941.9
     3     1    24     9    11    23     0     0   -25.0  -20.900  -56.222    192.3    961.5
     1     1    24     9    11    22     0     0   -26.0  -16.694  -61.511   1348.3    822.0
     2     1    24     9    11    22     0     0   -26.0  -18.926  -60.347    319.4    934.9
     3     1    24     9    11    22     0     0   -26.0  -20.700  -56.206    158.0    968.4
     1     1    24     9    11    21     0     0   -27.0  -16.332  -61.682   1499.6    806.2
     2     1    24     9    11    21     0     0   -27.0  -18.588  -60.475    308.7    929.5
     3     1    24     9    11    21     0     0   -27.0  -20.513  -56.206    139.9    972.0
     1     1    24     9    11    20     0     0   -28.0  -15.999  -61.851   1667.3    792.1
     2     1    24     9    11    20     0     0   -28.0  -18.232  -60.610    298.5    927.1
     3     1    24     9    11    20     0     0   -28.0  -20.303  -56.219    129.4    973.0
     1     1    24     9    11    19     0     0   -29.0  -15.671  -62.011   1719.3    791.8
     2     1    24     9    11    19     0     0   -29.0  -17.859  -60.724    235.1    940.6
     3     1    24     9    11    19     0     0   -29.0  -20.069  -56.232    108.2    978.4
     1     1    24     9    11    18     0     0   -30.0  -15.338  -62.161   1675.5    803.8
     2     1    24     9    11    18     0     0   -30.0  -17.513  -60.822    178.0    954.6
     3     1    24     9    11    18     0     0   -30.0  -19.836  -56.251     88.6    983.0
     1     1    24     9    11    17     0     0   -31.0  -14.998  -62.295   1656.7    811.2
     2     1    24     9    11    17     0     0   -31.0  -17.181  -60.920    185.2    950.4
     3     1    24     9    11    17     0     0   -31.0  -19.593  -56.272     79.4    985.6
     1     1    24     9    11    16     0     0   -32.0  -14.649  -62.400   1628.8    818.2
     2     1    24     9    11    16     0     0   -32.0  -16.823  -61.032    254.7    934.4
     3     1    24     9    11    16     0     0   -32.0  -19.341  -56.282     75.7    987.3
     1     1    24     9    11    15     0     0   -33.0  -14.308  -62.483   1573.2    827.4
     2     1    24     9    11    15     0     0   -33.0  -16.467  -61.155    281.0    929.4
     3     1    24     9    11    15     0     0   -33.0  -19.091  -56.265     74.2    988.3
     1     1    24     9    11    14     0     0   -34.0  -13.997  -62.552   1531.3    831.1
     2     1    24     9    11    14     0     0   -34.0  -16.167  -61.263    242.3    937.5
     3     1    24     9    11    14     0     0   -34.0  -18.854  -56.213     75.4    987.7
     1     1    24     9    11    13     0     0   -35.0  -13.720  -62.603   1528.8    831.3
     2     1    24     9    11    13     0     0   -35.0  -15.911  -61.352    211.1    945.1
     3     1    24     9    11    13     0     0   -35.0  -18.638  -56.136     76.6    987.4
     1     1    24     9    11    12     0     0   -36.0  -13.476  -62.637   1549.8    829.4
     2     1    24     9    11    12     0     0   -36.0  -15.648  -61.440    194.3    949.1
     3     1    24     9    11    12     0     0   -36.0  -18.429  -56.042     78.3    986.9
     1     1    24     9    11    11     0     0   -37.0  -13.267  -62.665   1588.1    825.8
     2     1    24     9    11    11     0     0   -37.0  -15.379  -61.526    167.1    955.2
     3     1    24     9    11    11     0     0   -37.0  -18.212  -55.938     86.4    985.0
     1     1    24     9    11    10     0     0   -38.0  -13.086  -62.702   1638.1    821.5
     2     1    24     9    11    10     0     0   -38.0  -15.134  -61.594    151.1    960.4
     3     1    24     9    11    10     0     0   -38.0  -17.983  -55.830     99.8    982.3
     1     1    24     9    11     9     0     0   -39.0  -12.909  -62.752   1674.5    818.0
     2     1    24     9    11     9     0     0   -39.0  -14.908  -61.638    153.6    962.0
     3     1    24     9    11     9     0     0   -39.0  -17.751  -55.695    111.1    979.8
     1     1    24     9    11     8     0     0   -40.0  -12.729  -62.806   1717.0    814.3
     2     1    24     9    11     8     0     0   -40.0  -14.700  -61.664    157.1    962.9
     3     1    24     9    11     8     0     0   -40.0  -17.532  -55.509    107.1    979.7
     1     1    24     9    11     7     0     0   -41.0  -12.559  -62.854   1785.3    806.9
     2     1    24     9    11     7     0     0   -41.0  -14.507  -61.689    160.8    962.8
     3     1    24     9    11     7     0     0   -41.0  -17.332  -55.286    114.4    977.4
     1     1    24     9    11     6     0     0   -42.0  -12.387  -62.894   1830.7    802.4
     2     1    24     9    11     6     0     0   -42.0  -14.333  -61.715    155.6    964.6
     3     1    24     9    11     6     0     0   -42.0  -17.107  -55.007    239.3    952.4
     1     1    24     9    11     5     0     0   -43.0  -12.202  -62.916   1775.6    807.3
     2     1    24     9    11     5     0     0   -43.0  -14.182  -61.745    134.0    968.0
     3     1    24     9    11     5     0     0   -43.0  -16.804  -54.697    397.2    921.7
     1     1    24     9    11     4     0     0   -44.0  -12.008  -62.910   1635.4    821.0
     2     1    24     9    11     4     0     0   -44.0  -14.053  -61.784    106.9    972.3
     3     1    24     9    11     4     0     0   -44.0  -16.545  -54.383    280.7    943.7
     1     1    24     9    11     3     0     0   -45.0  -11.820  -62.885   1468.3    835.8
     2     1    24     9    11     3     0     0   -45.0  -13.942  -61.835     89.3    974.9
     3     1    24     9    11     3     0     0   -45.0  -16.334  -54.062    306.2    935.2
     1     1    24     9    11     2     0     0   -46.0  -11.645  -62.850   1272.5    852.9
     2     1    24     9    11     2     0     0   -46.0  -13.848  -61.898     81.5    975.6
     3     1    24     9    11     2     0     0   -46.0  -16.115  -53.742    406.6    907.8
     1     1    24     9    11     1     0     0   -47.0  -11.482  -62.812   1064.7    870.8
     2     1    24     9    11     1     0     0   -47.0  -13.764  -61.968     91.4    973.0
     3     1    24     9    11     1     0     0   -47.0  -15.914  -53.436    353.1    916.2
     1     1    24     9    11     0     0     0   -48.0  -11.327  -62.767    863.2    889.3
     2     1    24     9    11     0     0     0   -48.0  -13.684  -62.048    120.1    969.5
     3     1    24     9    11     0     0     0   -48.0  -15.771  -53.177    242.2    934.2
     1     1    24     9    10    23     0     0   -49.0  -11.191  -62.711    657.6    909.2
     2     1    24     9    10    23     0     0   -49.0  -13.600  -62.142    130.1    967.5
     3     1    24     9    10    23     0     0   -49.0  -15.666  -52.968    179.2    942.8
     1     1    24     9    10    22     0     0   -50.0  -11.075  -62.646    503.9    925.3
     2     1    24     9    10    22     0     0   -50.0  -13.510  -62.243    119.7    968.1
     3     1    24     9    10    22     0     0   -50.0  -15.579  -52.796    161.0    939.4
     1     1    24     9    10    21     0     0   -51.0  -10.989  -62.580    406.2    935.7
     2     1    24     9    10    21     0     0   -51.0  -13.417  -62.332    102.0    972.4
     3     1    24     9    10    21     0     0   -51.0  -15.506  -52.661    155.8    934.5
     1     1    24     9    10    20     0     0   -52.0  -10.924  -62.519    352.3    941.9
     2     1    24     9    10    20     0     0   -52.0  -13.328  -62.396     88.1    975.8
     3     1    24     9    10    20     0     0   -52.0  -15.434  -52.537    152.7    931.8
     1     1    24     9    10    19     0     0   -53.0  -10.859  -62.457    325.6    945.4
     2     1    24     9    10    19     0     0   -53.0  -13.234  -62.431     76.8    978.2
     3     1    24     9    10    19     0     0   -53.0  -15.350  -52.414    126.6    936.5
     1     1    24     9    10    18     0     0   -54.0  -10.794  -62.392    309.1    949.0
     2     1    24     9    10    18     0     0   -54.0  -13.137  -62.446     65.3    981.0
     3     1    24     9    10    18     0     0   -54.0  -15.262  -52.305     67.8    948.1
     1     1    24     9    10    17     0     0   -55.0  -10.734  -62.335    295.0    952.6
     2     1    24     9    10    17     0     0   -55.0  -13.043  -62.446     57.5    983.6
     3     1    24     9    10    17     0     0   -55.0  -15.182  -52.218     27.1    961.8
     1     1    24     9    10    16     0     0   -56.0  -10.679  -62.304    288.5    955.3
     2     1    24     9    10    16     0     0   -56.0  -12.956  -62.442     53.1    985.3
     3     1    24     9    10    16     0     0   -56.0  -15.104  -52.139      7.7    972.7
     1     1    24     9    10    15     0     0   -57.0  -10.624  -62.309    291.7    956.3
     2     1    24     9    10    15     0     0   -57.0  -12.883  -62.442     51.7    985.3
     3     1    24     9    10    15     0     0   -57.0  -15.034  -52.060      1.9    980.0
     1     1    24     9    10    14     0     0   -58.0  -10.565  -62.347    288.2    957.4
     2     1    24     9    10    14     0     0   -58.0  -12.827  -62.444     51.8    985.2
     3     1    24     9    10    14     0     0   -58.0  -14.988  -51.979      0.0    984.3
     1     1    24     9    10    13     0     0   -59.0  -10.490  -62.411    278.9    958.7
     2     1    24     9    10    13     0     0   -59.0  -12.781  -62.442     52.8    984.2
     3     1    24     9    10    13     0     0   -59.0  -14.967  -51.903      0.0    984.5
     1     1    24     9    10    12     0     0   -60.0  -10.391  -62.486    272.8    960.0
     2     1    24     9    10    12     0     0   -60.0  -12.732  -62.434     57.8    983.1
     3     1    24     9    10    12     0     0   -60.0  -14.964  -51.839      0.0    983.8
     1     1    24     9    10    11     0     0   -61.0  -10.278  -62.563    268.9    960.4
     2     1    24     9    10    11     0     0   -61.0  -12.676  -62.413     68.7    980.7
     3     1    24     9    10    11     0     0   -61.0  -14.972  -51.785      0.0    983.1
     1     1    24     9    10    10     0     0   -62.0  -10.162  -62.649    258.1    960.5
     2     1    24     9    10    10     0     0   -62.0  -12.618  -62.385     77.7    978.3
     3     1    24     9    10    10     0     0   -62.0  -14.985  -51.725      0.6    982.0
     1     1    24     9    10     9     0     0   -63.0  -10.015  -62.746    238.0    963.1
     2     1    24     9    10     9     0     0   -63.0  -12.555  -62.372     77.4    977.5
     3     1    24     9    10     9     0     0   -63.0  -14.997  -51.652      1.4    981.1
     1     1    24     9    10     8     0     0   -64.0   -9.837  -62.841    213.1    967.7
     2     1    24     9    10     8     0     0   -64.0  -12.497  -62.385     69.9    977.5
     3     1    24     9    10     8     0     0   -64.0  -15.001  -51.576      1.2    980.6
     1     1    24     9    10     7     0     0   -65.0   -9.656  -62.924    196.5    971.2
     2     1    24     9    10     7     0     0   -65.0  -12.449  -62.408     62.5    977.7
     3     1    24     9    10     7     0     0   -65.0  -14.988  -51.498      0.0    980.2
     1     1    24     9    10     6     0     0   -66.0   -9.466  -62.981    190.1    973.5
     2     1    24     9    10     6     0     0   -66.0  -12.403  -62.419     59.4    977.1
     3     1    24     9    10     6     0     0   -66.0  -14.969  -51.423      0.0    981.0
     1     1    24     9    10     5     0     0   -67.0   -9.274  -63.013    186.8    974.7
     2     1    24     9    10     5     0     0   -67.0  -12.357  -62.414     59.7    976.9
     3     1    24     9    10     5     0     0   -67.0  -14.954  -51.350      0.0    981.6
     1     1    24     9    10     4     0     0   -68.0   -9.094  -63.026    186.0    976.5
     2     1    24     9    10     4     0     0   -68.0  -12.312  -62.394     64.6    975.7
     3     1    24     9    10     4     0     0   -68.0  -14.942  -51.282      0.0    982.6
     1     1    24     9    10     3     0     0   -69.0   -8.928  -63.027    189.5    977.6
     2     1    24     9    10     3     0     0   -69.0  -12.265  -62.364     77.6    972.7
     3     1    24     9    10     3     0     0   -69.0  -14.926  -51.216      0.0    983.2
     1     1    24     9    10     2     0     0   -70.0   -8.770  -63.023    194.7    977.9
     2     1    24     9    10     2     0     0   -70.0  -12.212  -62.327     95.3    969.1
     3     1    24     9    10     2     0     0   -70.0  -14.904  -51.150      0.0    982.7
     1     1    24     9    10     1     0     0   -71.0   -8.616  -63.019    200.1    977.2
     2     1    24     9    10     1     0     0   -71.0  -12.150  -62.281    116.4    963.9
     3     1    24     9    10     1     0     0   -71.0  -14.879  -51.085      0.0    982.4
     1     1    24     9    10     0     0     0   -72.0   -8.469  -63.011    206.3    976.1
     2     1    24     9    10     0     0     0   -72.0  -12.076  -62.218    143.4    958.0
     3     1    24     9    10     0     0     0   -72.0  -14.852  -51.021      1.0    982.0
