YYYY MM DD HH    DURATION(hhhh) #RECORDS
YYYY MM DD HH MM DURATION(hhmm) LAT LON HGT(m) RATE(/h) AREA(m2) HEAT(w)
2024 09 09 00 23 5
2024 09 09 00 00 2300 -18.550   -57.750   1425.6     32250.497    117219411.3    2326214656.0
2024 09 09 00 00 2300 -22.750   -53.650   1896.3     31279.326    114023802.7    1381107840.0
2024 09 09 00 00 2300 -11.050   -54.950   1433.3     25135.507    121350810.5    803256448.0  
2024 09 09 00 00 2300 -9.350    -55.050   1747.9     25031.700    122000433.6    799939136.0   
2024 09 09 00 00 2300 -18.550   -57.650   1564.9     19741.499    117219411.3    1423945856.0    
2024 09 10 00 23 5
2024 09 10 00 00 2300 -22.750   -53.650   1577.3     23411.631    114023802.7    1033717568.0
2024 09 10 00 00 2300 -22.750   -53.550   1598.6     18932.475    114023802.7    605025920.0
2024 09 10 00 00 2300 -11.050   -54.950   1433.3     14379.621    121350810.5    459530176.0
2024 09 10 00 00 2300 -15.850   -63.850   1942.9     12999.000    118942208.0    415409600.0
2024 09 10 00 00 2300 -15.550   -55.550   1193.9     9496.093     119117392.9    684949184.0
2024 09 11 00 23 5
2024 09 11 00 00 2300 -10.850   -53.050   1969.4     53027.970    121432793.1    1694617216.0
2024 09 11 00 00 2300 -15.050   -60.350   1109.1     25441.955    119402108.3    1835117568.0
2024 09 11 00 00 2300 -15.950   -57.650   1866.7     18326.351    118883088.2    1321871872.0
2024 09 11 00 00 2300 -15.550   -62.550   1781.5     12427.813    119117392.9    397156128.0
2024 09 11 00 00 2300 -15.950   -57.550   1948.4     9241.925     118883088.2    666616128.0
2024 09 12 00 23 5
2024 09 12 00 00 2400 -15.950   -57.650   1769.9     22138.535    118883088.2    1596843264.0
2024 09 12 00 00 2400 -14.750   -65.250   1700.0     17709.219    119568574.3    565934272.0
2024 09 12 00 00 2400 -10.850   -53.050   1969.4     14855.675    121432793.1    474743424.0
2024 09 12 00 00 2400 -11.950   -52.950   1281.8     12537.891    120963605.8    400673920.0
2024 09 12 00 00 2400 -19.550   -58.750   1850.0     10840.639    116515070.5    781930688.0
