     2     1
    ECMG    24     9     1     0     0
    NGM     95    10    16     0     0
     3 BACKWARD OMEGA   
    24     9    13     0  -27.000  -52.700  1905.3
    24     9    13     0  -27.000  -52.700  1361.9
    24     9    13     0  -27.000  -52.700   845.4
     1 PRESSURE
     1     1    24     9    13     0     0     0     0.0  -27.000  -52.700   1905.3    763.9
     2     1    24     9    13     0     0     0     0.0  -27.000  -52.700   1361.9    814.6
     3     1    24     9    13     0     0     0     0.0  -27.000  -52.700    845.4    865.3
     1     1    24     9    12    23     0     0    -1.0  -26.458  -53.301   2259.6    719.7
     2     1    24     9    12    23     0     0    -1.0  -26.516  -53.194   1777.2    763.1
     3     1    24     9    12    23     0     0    -1.0  -26.675  -52.994   1094.7    833.5
     1     1    24     9    12    22     0     0    -2.0  -25.849  -53.887   2360.8    734.3
     2     1    24     9    12    22     0     0    -2.0  -25.944  -53.707   1995.3    757.5
     3     1    24     9    12    22     0     0    -2.0  -26.214  -53.350   1316.9    800.8
     1     1    24     9    12    21     0     0    -3.0  -25.311  -54.351   2404.7    741.2
     2     1    24     9    12    21     0     0    -3.0  -25.444  -54.118   2116.6    763.6
     3     1    24     9    12    21     0     0    -3.0  -25.777  -53.687   1462.8    816.5
     1     1    24     9    12    20     0     0    -4.0  -24.846  -54.717   2288.7    749.7
     2     1    24     9    12    20     0     0    -4.0  -25.026  -54.464   2139.0    765.6
     3     1    24     9    12    20     0     0    -4.0  -25.426  -53.985   1593.6    807.6
     1     1    24     9    12    19     0     0    -5.0  -24.369  -55.070   2165.8    758.4
     2     1    24     9    12    19     0     0    -5.0  -24.642  -54.783   1952.8    777.9
     3     1    24     9    12    19     0     0    -5.0  -25.102  -54.281   1657.0    806.5
     1     1    24     9    12    18     0     0    -6.0  -23.877  -55.400   2158.1    759.4
     2     1    24     9    12    18     0     0    -6.0  -24.230  -55.108   1856.8    786.8
     3     1    24     9    12    18     0     0    -6.0  -24.821  -54.560   1581.8    816.1
     1     1    24     9    12    17     0     0    -7.0  -23.368  -55.708   2171.0    756.1
     2     1    24     9    12    17     0     0    -7.0  -23.792  -55.427   1787.1    792.8
     3     1    24     9    12    17     0     0    -7.0  -24.570  -54.827   1379.9    832.1
     1     1    24     9    12    16     0     0    -8.0  -22.855  -55.990   2268.4    748.9
     2     1    24     9    12    16     0     0    -8.0  -23.308  -55.740   1769.3    793.9
     3     1    24     9    12    16     0     0    -8.0  -24.281  -55.147   1288.0    843.2
     1     1    24     9    12    15     0     0    -9.0  -22.351  -56.236   2359.5    742.1
     2     1    24     9    12    15     0     0    -9.0  -22.793  -56.016   1864.7    785.3
     3     1    24     9    12    15     0     0    -9.0  -23.932  -55.511   1217.3    853.1
     1     1    24     9    12    14     0     0   -10.0  -21.861  -56.443   2392.4    742.4
     2     1    24     9    12    14     0     0   -10.0  -22.286  -56.246   1985.5    776.2
     3     1    24     9    12    14     0     0   -10.0  -23.529  -55.897   1174.1    855.2
     1     1    24     9    12    13     0     0   -11.0  -21.406  -56.619   2325.1    741.6
     2     1    24     9    12    13     0     0   -11.0  -21.810  -56.458   1851.1    791.1
     3     1    24     9    12    13     0     0   -11.0  -23.101  -56.273   1217.3    853.6
     1     1    24     9    12    12     0     0   -12.0  -20.978  -56.804   2092.4    757.8
     2     1    24     9    12    12     0     0   -12.0  -21.364  -56.678   1476.2    817.5
     3     1    24     9    12    12     0     0   -12.0  -22.670  -56.629   1262.9    856.2
     1     1    24     9    12    11     0     0   -13.0  -20.572  -57.001   1794.9    799.0
     2     1    24     9    12    11     0     0   -13.0  -20.920  -56.897   1191.0    846.1
     3     1    24     9    12    11     0     0   -13.0  -22.249  -56.967   1124.3    868.2
     1     1    24     9    12    10     0     0   -14.0  -20.190  -57.188   1618.5    825.5
     2     1    24     9    12    10     0     0   -14.0  -20.484  -57.079   1016.6    877.9
     3     1    24     9    12    10     0     0   -14.0  -21.821  -57.280    870.6    890.9
     1     1    24     9    12     9     0     0   -15.0  -19.820  -57.382   1533.0    839.8
     2     1    24     9    12     9     0     0   -15.0  -20.043  -57.234    967.6    891.5
     3     1    24     9    12     9     0     0   -15.0  -21.346  -57.489    606.5    925.9
     1     1    24     9    12     8     0     0   -16.0  -19.461  -57.587   1454.9    845.2
     2     1    24     9    12     8     0     0   -16.0  -19.603  -57.364    944.4    898.0
     3     1    24     9    12     8     0     0   -16.0  -20.825  -57.573    483.9    942.9
     1     1    24     9    12     7     0     0   -17.0  -19.102  -57.781   1374.1    850.5
     2     1    24     9    12     7     0     0   -17.0  -19.181  -57.469    965.9    891.8
     3     1    24     9    12     7     0     0   -17.0  -20.331  -57.602    428.4    951.1
     1     1    24     9    12     6     0     0   -18.0  -18.741  -57.955   1282.6    859.4
     2     1    24     9    12     6     0     0   -18.0  -18.776  -57.554    931.2    898.7
     3     1    24     9    12     6     0     0   -18.0  -19.875  -57.590    437.6    951.0
     1     1    24     9    12     5     0     0   -19.0  -18.364  -58.122   1304.1    844.2
     2     1    24     9    12     5     0     0   -19.0  -18.382  -57.630    939.1    891.0
     3     1    24     9    12     5     0     0   -19.0  -19.450  -57.555    506.6    941.5
     1     1    24     9    12     4     0     0   -20.0  -17.977  -58.263   1277.5    852.7
     2     1    24     9    12     4     0     0   -20.0  -17.989  -57.703    902.0    895.0
     3     1    24     9    12     4     0     0   -20.0  -19.024  -57.500    523.8    939.4
     1     1    24     9    12     3     0     0   -21.0  -17.590  -58.361   1064.3    881.8
     2     1    24     9    12     3     0     0   -21.0  -17.607  -57.748    789.3    912.1
     3     1    24     9    12     3     0     0   -21.0  -18.602  -57.405    509.7    942.5
     1     1    24     9    12     2     0     0   -22.0  -17.199  -58.409    900.0    901.6
     2     1    24     9    12     2     0     0   -22.0  -17.240  -57.762    690.6    924.1
     3     1    24     9    12     2     0     0   -22.0  -18.190  -57.283    535.0    939.7
     1     1    24     9    12     1     0     0   -23.0  -16.816  -58.419    852.5    906.8
     2     1    24     9    12     1     0     0   -23.0  -16.879  -57.764    633.1    929.2
     3     1    24     9    12     1     0     0   -23.0  -17.793  -57.144    562.9    937.5
     1     1    24     9    12     0     0     0   -24.0  -16.458  -58.414    822.9    906.0
     2     1    24     9    12     0     0     0   -24.0  -16.526  -57.765    654.1    918.7
     3     1    24     9    12     0     0     0   -24.0  -17.416  -57.000    639.7    928.3
     1     1    24     9    11    23     0     0   -25.0  -16.128  -58.412    767.6    906.5
     2     1    24     9    11    23     0     0   -25.0  -16.181  -57.755    763.8    907.0
     3     1    24     9    11    23     0     0   -25.0  -17.063  -56.864    753.6    915.0
     1     1    24     9    11    22     0     0   -26.0  -15.821  -58.409    724.7    907.3
     2     1    24     9    11    22     0     0   -26.0  -15.855  -57.726    910.1    893.2
     3     1    24     9    11    22     0     0   -26.0  -16.731  -56.741    897.8    897.9
     1     1    24     9    11    21     0     0   -27.0  -15.546  -58.401    744.4    900.1
     2     1    24     9    11    21     0     0   -27.0  -15.572  -57.688    984.9    883.3
     3     1    24     9    11    21     0     0   -27.0  -16.441  -56.636   1058.5    881.2
     1     1    24     9    11    20     0     0   -28.0  -15.294  -58.396    809.5    883.1
     2     1    24     9    11    20     0     0   -28.0  -15.328  -57.657   1002.4    880.7
     3     1    24     9    11    20     0     0   -28.0  -16.185  -56.555   1214.4    864.2
     1     1    24     9    11    19     0     0   -29.0  -15.039  -58.396    885.1    862.5
     2     1    24     9    11    19     0     0   -29.0  -15.095  -57.635   1001.8    878.4
     3     1    24     9    11    19     0     0   -29.0  -15.927  -56.491   1367.9    844.9
     1     1    24     9    11    18     0     0   -30.0  -14.777  -58.395    941.0    850.1
     2     1    24     9    11    18     0     0   -30.0  -14.860  -57.614    997.6    876.1
     3     1    24     9    11    18     0     0   -30.0  -15.661  -56.439   1524.7    827.3
     1     1    24     9    11    17     0     0   -31.0  -14.505  -58.385    957.2    842.7
     2     1    24     9    11    17     0     0   -31.0  -14.618  -57.584   1030.3    868.2
     3     1    24     9    11    17     0     0   -31.0  -15.386  -56.390   1666.4    813.3
     1     1    24     9    11    16     0     0   -32.0  -14.219  -58.356    932.9    846.1
     2     1    24     9    11    16     0     0   -32.0  -14.362  -57.538   1118.0    848.4
     3     1    24     9    11    16     0     0   -32.0  -15.102  -56.328   1777.0    800.8
     1     1    24     9    11    15     0     0   -33.0  -13.924  -58.291    919.6    852.6
     2     1    24     9    11    15     0     0   -33.0  -14.084  -57.473   1205.2    829.8
     3     1    24     9    11    15     0     0   -33.0  -14.797  -56.253   1818.5    794.1
     1     1    24     9    11    14     0     0   -34.0  -13.616  -58.174    908.5    858.9
     2     1    24     9    11    14     0     0   -34.0  -13.792  -57.376   1285.4    825.4
     3     1    24     9    11    14     0     0   -34.0  -14.492  -56.174   1806.4    788.1
     1     1    24     9    11    13     0     0   -35.0  -13.311  -58.028    839.7    871.6
     2     1    24     9    11    13     0     0   -35.0  -13.516  -57.255   1353.0    828.4
     3     1    24     9    11    13     0     0   -35.0  -14.212  -56.097   1787.3    787.4
     1     1    24     9    11    12     0     0   -36.0  -13.030  -57.883    744.4    887.1
     2     1    24     9    11    12     0     0   -36.0  -13.271  -57.123   1377.7    829.9
     3     1    24     9    11    12     0     0   -36.0  -13.960  -56.013   1766.6    788.1
     1     1    24     9    11    11     0     0   -37.0  -12.769  -57.738    664.2    900.8
     2     1    24     9    11    11     0     0   -37.0  -13.049  -56.985   1398.3    829.9
     3     1    24     9    11    11     0     0   -37.0  -13.726  -55.918   1727.0    788.9
     1     1    24     9    11    10     0     0   -38.0  -12.523  -57.598    623.2    908.7
     2     1    24     9    11    10     0     0   -38.0  -12.841  -56.844   1472.3    823.4
     3     1    24     9    11    10     0     0   -38.0  -13.500  -55.812   1671.1    795.0
     1     1    24     9    11     9     0     0   -39.0  -12.290  -57.439    630.8    906.1
     2     1    24     9    11     9     0     0   -39.0  -12.642  -56.704   1598.5    810.7
     3     1    24     9    11     9     0     0   -39.0  -13.275  -55.690   1586.0    804.3
     1     1    24     9    11     8     0     0   -40.0  -12.072  -57.260    665.4    902.1
     2     1    24     9    11     8     0     0   -40.0  -12.455  -56.561   1694.2    800.6
     3     1    24     9    11     8     0     0   -40.0  -13.057  -55.556   1459.3    815.3
     1     1    24     9    11     7     0     0   -41.0  -11.874  -57.091    710.7    899.4
     2     1    24     9    11     7     0     0   -41.0  -12.286  -56.409   1764.2    791.8
     3     1    24     9    11     7     0     0   -41.0  -12.852  -55.408   1323.6    828.6
     1     1    24     9    11     6     0     0   -42.0  -11.696  -56.930    768.7    892.1
     2     1    24     9    11     6     0     0   -42.0  -12.137  -56.248   1860.3    781.3
     3     1    24     9    11     6     0     0   -42.0  -12.668  -55.246   1222.6    838.8
     1     1    24     9    11     5     0     0   -43.0  -11.532  -56.767    814.3    886.0
     2     1    24     9    11     5     0     0   -43.0  -12.008  -56.080   1973.8    772.4
     3     1    24     9    11     5     0     0   -43.0  -12.503  -55.075   1160.6    848.3
     1     1    24     9    11     4     0     0   -44.0  -11.383  -56.601    847.9    881.7
     2     1    24     9    11     4     0     0   -44.0  -11.898  -55.903   2060.9    765.8
     3     1    24     9    11     4     0     0   -44.0  -12.359  -54.899   1119.5    854.7
     1     1    24     9    11     3     0     0   -45.0  -11.246  -56.435    877.0    877.1
     2     1    24     9    11     3     0     0   -45.0  -11.799  -55.719   2089.8    763.6
     3     1    24     9    11     3     0     0   -45.0  -12.235  -54.720   1076.3    859.6
     1     1    24     9    11     2     0     0   -46.0  -11.118  -56.269    917.1    873.1
     2     1    24     9    11     2     0     0   -46.0  -11.708  -55.537   2025.6    768.9
     3     1    24     9    11     2     0     0   -46.0  -12.130  -54.542   1038.2    863.7
     1     1    24     9    11     1     0     0   -47.0  -10.996  -56.105   1007.6    866.5
     2     1    24     9    11     1     0     0   -47.0  -11.619  -55.368   1875.1    783.5
     3     1    24     9    11     1     0     0   -47.0  -12.043  -54.371   1015.0    866.6
     1     1    24     9    11     0     0     0   -48.0  -10.884  -55.949   1184.3    852.3
     2     1    24     9    11     0     0     0   -48.0  -11.531  -55.218   1694.0    801.3
     3     1    24     9    11     0     0     0   -48.0  -11.972  -54.210   1007.5    868.0
     1     1    24     9    10    23     0     0   -49.0  -10.783  -55.797   1427.0    829.1
     2     1    24     9    10    23     0     0   -49.0  -11.446  -55.084   1543.5    814.1
     3     1    24     9    10    23     0     0   -49.0  -11.913  -54.059   1024.3    865.6
     1     1    24     9    10    22     0     0   -50.0  -10.688  -55.637   1644.8    807.9
     2     1    24     9    10    22     0     0   -50.0  -11.363  -54.953   1468.4    820.5
     3     1    24     9    10    22     0     0   -50.0  -11.860  -53.914   1058.4    862.4
     1     1    24     9    10    21     0     0   -51.0  -10.612  -55.491   1766.4    796.9
     2     1    24     9    10    21     0     0   -51.0  -11.295  -54.832   1478.6    820.2
     3     1    24     9    10    21     0     0   -51.0  -11.814  -53.780   1108.9    858.2
     1     1    24     9    10    20     0     0   -52.0  -10.548  -55.369   1807.9    792.9
     2     1    24     9    10    20     0     0   -52.0  -11.239  -54.723   1534.6    815.4
     3     1    24     9    10    20     0     0   -52.0  -11.775  -53.660   1155.7    854.0
     1     1    24     9    10    19     0     0   -53.0  -10.484  -55.252   1808.5    792.7
     2     1    24     9    10    19     0     0   -53.0  -11.188  -54.618   1590.3    809.9
     3     1    24     9    10    19     0     0   -53.0  -11.738  -53.552   1187.7    851.5
     1     1    24     9    10    18     0     0   -54.0  -10.423  -55.130   1824.7    791.7
     2     1    24     9    10    18     0     0   -54.0  -11.136  -54.513   1630.5    806.8
     3     1    24     9    10    18     0     0   -54.0  -11.700  -53.450   1213.2    849.9
     1     1    24     9    10    17     0     0   -55.0  -10.359  -54.998   1859.6    789.2
     2     1    24     9    10    17     0     0   -55.0  -11.081  -54.401   1659.9    804.8
     3     1    24     9    10    17     0     0   -55.0  -11.655  -53.345   1222.4    849.8
     1     1    24     9    10    16     0     0   -56.0  -10.289  -54.848   1896.1    786.9
     2     1    24     9    10    16     0     0   -56.0  -11.017  -54.274   1678.9    804.0
     3     1    24     9    10    16     0     0   -56.0  -11.602  -53.226   1216.4    851.5
     1     1    24     9    10    15     0     0   -57.0  -10.208  -54.676   1928.0    782.9
     2     1    24     9    10    15     0     0   -57.0  -10.940  -54.121   1706.7    802.2
     3     1    24     9    10    15     0     0   -57.0  -11.537  -53.082   1222.1    851.9
     1     1    24     9    10    14     0     0   -58.0  -10.123  -54.491   1931.3    779.6
     2     1    24     9    10    14     0     0   -58.0  -10.847  -53.957   1750.7    798.0
     3     1    24     9    10    14     0     0   -58.0  -11.450  -52.893   1279.7    846.0
     1     1    24     9    10    13     0     0   -59.0  -10.037  -54.305   1907.7    779.3
     2     1    24     9    10    13     0     0   -59.0  -10.748  -53.794   1789.2    794.3
     3     1    24     9    10    13     0     0   -59.0  -11.347  -52.682   1382.2    835.2
     1     1    24     9    10    12     0     0   -60.0   -9.951  -54.115   1858.1    785.4
     2     1    24     9    10    12     0     0   -60.0  -10.648  -53.620   1809.0    792.9
     3     1    24     9    10    12     0     0   -60.0  -11.239  -52.475   1486.9    824.9
     1     1    24     9    10    11     0     0   -61.0   -9.868  -53.924   1766.3    795.6
     2     1    24     9    10    11     0     0   -61.0  -10.548  -53.439   1819.5    791.6
     3     1    24     9    10    11     0     0   -61.0  -11.129  -52.266   1581.2    816.1
     1     1    24     9    10    10     0     0   -62.0   -9.786  -53.730   1648.8    808.0
     2     1    24     9    10    10     0     0   -62.0  -10.456  -53.258   1858.5    788.7
     3     1    24     9    10    10     0     0   -62.0  -11.015  -52.057   1666.7    811.8
     1     1    24     9    10     9     0     0   -63.0   -9.684  -53.535   1493.6    821.1
     2     1    24     9    10     9     0     0   -63.0  -10.375  -53.112   1910.2    783.8
     3     1    24     9    10     9     0     0   -63.0  -10.893  -51.873   1734.0    808.3
     1     1    24     9    10     8     0     0   -64.0   -9.557  -53.323   1332.4    836.1
     2     1    24     9    10     8     0     0   -64.0  -10.307  -52.995   1952.6    780.3
     3     1    24     9    10     8     0     0   -64.0  -10.758  -51.716   1756.9    807.5
     1     1    24     9    10     7     0     0   -65.0   -9.435  -53.096   1178.9    851.2
     2     1    24     9    10     7     0     0   -65.0  -10.245  -52.873   1959.4    779.8
     3     1    24     9    10     7     0     0   -65.0  -10.624  -51.555   1735.8    805.7
     1     1    24     9    10     6     0     0   -66.0   -9.325  -52.854   1041.4    865.8
     2     1    24     9    10     6     0     0   -66.0  -10.182  -52.738   1919.5    783.5
     3     1    24     9    10     6     0     0   -66.0  -10.501  -51.384   1700.7    805.0
     1     1    24     9    10     5     0     0   -67.0   -9.233  -52.609    945.0    876.1
     2     1    24     9    10     5     0     0   -67.0  -10.112  -52.583   1850.2    790.3
     3     1    24     9    10     5     0     0   -67.0  -10.396  -51.200   1691.0    807.6
     1     1    24     9    10     4     0     0   -68.0   -9.152  -52.357    914.8    880.2
     2     1    24     9    10     4     0     0   -68.0  -10.032  -52.398   1758.0    800.0
     3     1    24     9    10     4     0     0   -68.0  -10.308  -51.000   1721.3    809.9
     1     1    24     9    10     3     0     0   -69.0   -9.082  -52.107    976.4    874.9
     2     1    24     9    10     3     0     0   -69.0   -9.942  -52.187   1673.4    809.2
     3     1    24     9    10     3     0     0   -69.0  -10.236  -50.785   1765.2    808.4
     1     1    24     9    10     2     0     0   -70.0   -9.017  -51.867   1125.7    857.0
     2     1    24     9    10     2     0     0   -70.0   -9.856  -51.963   1617.2    812.9
     3     1    24     9    10     2     0     0   -70.0  -10.179  -50.565   1866.6    800.2
     1     1    24     9    10     1     0     0   -71.0   -8.952  -51.638   1272.2    840.3
     2     1    24     9    10     1     0     0   -71.0   -9.782  -51.734   1590.7    811.4
     3     1    24     9    10     1     0     0   -71.0  -10.134  -50.343   2063.1    783.5
     1     1    24     9    10     0     0     0   -72.0   -8.896  -51.421   1364.2    831.5
     2     1    24     9    10     0     0     0   -72.0   -9.721  -51.507   1566.1    808.8
     3     1    24     9    10     0     0     0   -72.0  -10.099  -50.114   2271.5    764.4
