     2     1
    ECMG    24     9     1     0     0
    NGM     95    10    16     0     0
     3 BACKWARD OMEGA   
    24     9    13     0  -26.770  -52.210  1976.1
    24     9    13     0  -26.770  -52.210  1432.6
    24     9    13     0  -26.770  -52.210   915.1
     1 PRESSURE
     1     1    24     9    13     0     0     0     0.0  -26.770  -52.210   1976.1    727.1
     2     1    24     9    13     0     0     0     0.0  -26.770  -52.210   1432.6    775.8
     3     1    24     9    13     0     0     0     0.0  -26.770  -52.210    915.1    824.7
     1     1    24     9    12    23     0     0    -1.0  -26.337  -52.562   1816.2    750.0
     2     1    24     9    12    23     0     0    -1.0  -26.433  -52.555   1402.7    789.8
     3     1    24     9    12    23     0     0    -1.0  -26.576  -52.441    988.2    827.7
     1     1    24     9    12    22     0     0    -2.0  -25.903  -52.851   1594.1    784.6
     2     1    24     9    12    22     0     0    -2.0  -26.052  -52.861   1297.3    806.5
     3     1    24     9    12    22     0     0    -2.0  -26.315  -52.683   1050.3    821.7
     1     1    24     9    12    21     0     0    -3.0  -25.539  -53.081   1629.0    791.3
     2     1    24     9    12    21     0     0    -3.0  -25.709  -53.135   1404.3    812.5
     3     1    24     9    12    21     0     0    -3.0  -26.016  -52.976   1166.1    821.8
     1     1    24     9    12    20     0     0    -4.0  -25.242  -53.265   1542.5    790.6
     2     1    24     9    12    20     0     0    -4.0  -25.403  -53.366   1554.8    799.1
     3     1    24     9    12    20     0     0    -4.0  -25.725  -53.281   1382.6    816.1
     1     1    24     9    12    19     0     0    -5.0  -24.997  -53.451   1363.4    804.0
     2     1    24     9    12    19     0     0    -5.0  -25.122  -53.582   1519.7    795.3
     3     1    24     9    12    19     0     0    -5.0  -25.435  -53.565   1480.5    811.7
     1     1    24     9    12    18     0     0    -6.0  -24.774  -53.643   1257.2    821.6
     2     1    24     9    12    18     0     0    -6.0  -24.852  -53.808   1462.6    805.1
     3     1    24     9    12    18     0     0    -6.0  -25.144  -53.861   1435.0    810.9
     1     1    24     9    12    17     0     0    -7.0  -24.560  -53.828   1175.3    842.4
     2     1    24     9    12    17     0     0    -7.0  -24.578  -54.053   1424.7    824.9
     3     1    24     9    12    17     0     0    -7.0  -24.827  -54.197   1419.7    829.0
     1     1    24     9    12    16     0     0    -8.0  -24.359  -53.995   1046.5    864.6
     2     1    24     9    12    16     0     0    -8.0  -24.298  -54.321   1338.4    840.1
     3     1    24     9    12    16     0     0    -8.0  -24.504  -54.549   1386.9    834.1
     1     1    24     9    12    15     0     0    -9.0  -24.129  -54.171    850.6    889.5
     2     1    24     9    12    15     0     0    -9.0  -23.978  -54.629   1218.6    848.6
     3     1    24     9    12    15     0     0    -9.0  -24.141  -54.918   1327.2    835.8
     1     1    24     9    12    14     0     0   -10.0  -23.839  -54.352    629.5    910.4
     2     1    24     9    12    14     0     0   -10.0  -23.592  -54.977   1068.5    860.2
     3     1    24     9    12    14     0     0   -10.0  -23.722  -55.306   1318.5    834.8
     1     1    24     9    12    13     0     0   -11.0  -23.448  -54.533    521.6    915.7
     2     1    24     9    12    13     0     0   -11.0  -23.162  -55.323    892.4    867.9
     3     1    24     9    12    13     0     0   -11.0  -23.274  -55.696   1248.9    841.8
     1     1    24     9    12    12     0     0   -12.0  -22.992  -54.730    556.2    910.7
     2     1    24     9    12    12     0     0   -12.0  -22.693  -55.630    685.4    884.7
     3     1    24     9    12    12     0     0   -12.0  -22.828  -56.072   1071.4    862.9
     1     1    24     9    12    11     0     0   -13.0  -22.553  -54.938    648.3    895.6
     2     1    24     9    12    11     0     0   -13.0  -22.188  -55.879    660.4    883.1
     3     1    24     9    12    11     0     0   -13.0  -22.394  -56.404    777.4    898.3
     1     1    24     9    12    10     0     0   -14.0  -22.140  -55.149    689.4    890.9
     2     1    24     9    12    10     0     0   -14.0  -21.698  -56.069    628.5    903.0
     3     1    24     9    12    10     0     0   -14.0  -21.943  -56.643    542.5    919.5
     1     1    24     9    12     9     0     0   -15.0  -21.748  -55.341    703.5    885.9
     2     1    24     9    12     9     0     0   -15.0  -21.250  -56.168    545.1    921.0
     3     1    24     9    12     9     0     0   -15.0  -21.433  -56.829    589.1    903.7
     1     1    24     9    12     8     0     0   -16.0  -21.360  -55.529    712.8    884.0
     2     1    24     9    12     8     0     0   -16.0  -20.840  -56.212    455.5    935.5
     3     1    24     9    12     8     0     0   -16.0  -20.928  -56.965    634.0    902.3
     1     1    24     9    12     7     0     0   -17.0  -20.983  -55.706    659.8    907.7
     2     1    24     9    12     7     0     0   -17.0  -20.477  -56.255    397.8    947.5
     3     1    24     9    12     7     0     0   -17.0  -20.458  -57.044    615.9    917.1
     1     1    24     9    12     6     0     0   -18.0  -20.627  -55.853    589.4    921.9
     2     1    24     9    12     6     0     0   -18.0  -20.153  -56.308    369.7    952.7
     3     1    24     9    12     6     0     0   -18.0  -20.002  -57.079    605.6    924.6
     1     1    24     9    12     5     0     0   -19.0  -20.280  -55.963    534.1    931.7
     2     1    24     9    12     5     0     0   -19.0  -19.845  -56.370    343.1    959.3
     3     1    24     9    12     5     0     0   -19.0  -19.568  -57.079    556.3    938.5
     1     1    24     9    12     4     0     0   -20.0  -19.939  -56.027    467.9    944.9
     2     1    24     9    12     4     0     0   -20.0  -19.532  -56.429    333.8    960.4
     3     1    24     9    12     4     0     0   -20.0  -19.138  -57.058    578.7    935.6
     1     1    24     9    12     3     0     0   -21.0  -19.597  -56.053    424.5    950.1
     2     1    24     9    12     3     0     0   -21.0  -19.200  -56.476    327.0    961.2
     3     1    24     9    12     3     0     0   -21.0  -18.711  -57.015    668.4    926.8
     1     1    24     9    12     2     0     0   -22.0  -19.262  -56.048    402.4    951.7
     2     1    24     9    12     2     0     0   -22.0  -18.861  -56.518    313.0    962.5
     3     1    24     9    12     2     0     0   -22.0  -18.292  -56.948    823.7    910.3
     1     1    24     9    12     1     0     0   -23.0  -18.945  -56.007    373.6    954.6
     2     1    24     9    12     1     0     0   -23.0  -18.513  -56.559    309.5    962.9
     3     1    24     9    12     1     0     0   -23.0  -17.882  -56.875   1071.7    884.9
     1     1    24     9    12     0     0     0   -24.0  -18.653  -55.922    335.0    956.9
     2     1    24     9    12     0     0     0   -24.0  -18.145  -56.589    347.3    957.9
     3     1    24     9    12     0     0     0   -24.0  -17.481  -56.808   1405.0    850.9
     1     1    24     9    11    23     0     0   -25.0  -18.381  -55.803    307.5    957.5
     2     1    24     9    11    23     0     0   -25.0  -17.763  -56.595    444.1    947.2
     3     1    24     9    11    23     0     0   -25.0  -17.090  -56.748   1752.2    816.9
     1     1    24     9    11    22     0     0   -26.0  -18.126  -55.665    289.6    958.5
     2     1    24     9    11    22     0     0   -26.0  -17.394  -56.566    593.0    930.8
     3     1    24     9    11    22     0     0   -26.0  -16.712  -56.688   2037.0    788.4
     1     1    24     9    11    21     0     0   -27.0  -17.902  -55.549    297.7    958.3
     2     1    24     9    11    21     0     0   -27.0  -17.071  -56.516    777.2    911.5
     3     1    24     9    11    21     0     0   -27.0  -16.382  -56.641   2259.8    766.9
     1     1    24     9    11    20     0     0   -28.0  -17.692  -55.464    322.9    955.0
     2     1    24     9    11    20     0     0   -28.0  -16.792  -56.465    941.8    894.3
     3     1    24     9    11    20     0     0   -28.0  -16.098  -56.610   2428.0    748.9
     1     1    24     9    11    19     0     0   -29.0  -17.477  -55.396    349.7    951.4
     2     1    24     9    11    19     0     0   -29.0  -16.519  -56.417   1063.9    881.0
     3     1    24     9    11    19     0     0   -29.0  -15.821  -56.583   2566.7    730.8
     1     1    24     9    11    18     0     0   -30.0  -17.259  -55.332    377.4    949.7
     2     1    24     9    11    18     0     0   -30.0  -16.241  -56.371   1189.7    868.0
     3     1    24     9    11    18     0     0   -30.0  -15.545  -56.563   2690.5    717.2
     1     1    24     9    11    17     0     0   -31.0  -17.030  -55.264    425.5    944.8
     2     1    24     9    11    17     0     0   -31.0  -15.950  -56.326   1312.2    852.5
     3     1    24     9    11    17     0     0   -31.0  -15.272  -56.541   2805.3    707.9
     1     1    24     9    11    16     0     0   -32.0  -16.784  -55.174    532.5    928.3
     2     1    24     9    11    16     0     0   -32.0  -15.640  -56.273   1437.5    839.2
     3     1    24     9    11    16     0     0   -32.0  -15.006  -56.507   2882.6    701.7
     1     1    24     9    11    15     0     0   -33.0  -16.518  -55.030    688.8    904.6
     2     1    24     9    11    15     0     0   -33.0  -15.303  -56.198   1560.2    823.0
     3     1    24     9    11    15     0     0   -33.0  -14.751  -56.461   2905.0    698.4
     1     1    24     9    11    14     0     0   -34.0  -16.201  -54.831    805.5    885.4
     2     1    24     9    11    14     0     0   -34.0  -14.948  -56.106   1594.4    813.8
     3     1    24     9    11    14     0     0   -34.0  -14.519  -56.406   2915.8    691.1
     1     1    24     9    11    13     0     0   -35.0  -15.836  -54.597    891.3    867.6
     2     1    24     9    11    13     0     0   -35.0  -14.606  -56.006   1534.5    818.0
     3     1    24     9    11    13     0     0   -35.0  -14.314  -56.345   2947.5    685.3
     1     1    24     9    11    12     0     0   -36.0  -15.472  -54.332    958.1    848.5
     2     1    24     9    11    12     0     0   -36.0  -14.295  -55.903   1426.3    821.2
     3     1    24     9    11    12     0     0   -36.0  -14.130  -56.276   2988.2    681.3
     1     1    24     9    11    11     0     0   -37.0  -15.174  -54.073   1002.9    842.6
     2     1    24     9    11    11     0     0   -37.0  -14.014  -55.794   1358.7    821.7
     3     1    24     9    11    11     0     0   -37.0  -13.957  -56.197   3029.0    678.3
     1     1    24     9    11    10     0     0   -38.0  -14.922  -53.802    955.2    849.0
     2     1    24     9    11    10     0     0   -38.0  -13.757  -55.671   1312.1    824.8
     3     1    24     9    11    10     0     0   -38.0  -13.789  -56.110   3038.0    676.3
     1     1    24     9    11     9     0     0   -39.0  -14.700  -53.517    900.2    857.2
     2     1    24     9    11     9     0     0   -39.0  -13.508  -55.523   1228.4    837.3
     3     1    24     9    11     9     0     0   -39.0  -13.637  -56.006   3007.8    676.3
     1     1    24     9    11     8     0     0   -40.0  -14.499  -53.215    809.7    875.8
     2     1    24     9    11     8     0     0   -40.0  -13.273  -55.354   1125.4    846.3
     3     1    24     9    11     8     0     0   -40.0  -13.501  -55.882   2967.4    679.4
     1     1    24     9    11     7     0     0   -41.0  -14.314  -52.906    765.2    882.9
     2     1    24     9    11     7     0     0   -41.0  -13.060  -55.165   1047.9    855.0
     3     1    24     9    11     7     0     0   -41.0  -13.371  -55.747   2926.5    684.3
     1     1    24     9    11     6     0     0   -42.0  -14.146  -52.608    775.5    885.7
     2     1    24     9    11     6     0     0   -42.0  -12.871  -54.966   1009.3    861.3
     3     1    24     9    11     6     0     0   -42.0  -13.243  -55.603   2885.6    688.3
     1     1    24     9    11     5     0     0   -43.0  -14.001  -52.339    829.8    882.8
     2     1    24     9    11     5     0     0   -43.0  -12.705  -54.769    982.9    866.6
     3     1    24     9    11     5     0     0   -43.0  -13.120  -55.453   2849.6    691.0
     1     1    24     9    11     4     0     0   -44.0  -13.868  -52.086    893.3    879.4
     2     1    24     9    11     4     0     0   -44.0  -12.559  -54.573    957.5    872.0
     3     1    24     9    11     4     0     0   -44.0  -13.008  -55.303   2824.0    693.9
     1     1    24     9    11     3     0     0   -45.0  -13.744  -51.842    943.0    878.5
     2     1    24     9    11     3     0     0   -45.0  -12.433  -54.374    948.8    873.7
     3     1    24     9    11     3     0     0   -45.0  -12.908  -55.152   2806.5    696.4
     1     1    24     9    11     2     0     0   -46.0  -13.629  -51.611    982.8    879.1
     2     1    24     9    11     2     0     0   -46.0  -12.327  -54.180    947.4    874.7
     3     1    24     9    11     2     0     0   -46.0  -12.817  -54.995   2815.8    697.6
     1     1    24     9    11     1     0     0   -47.0  -13.526  -51.388    989.5    881.3
     2     1    24     9    11     1     0     0   -47.0  -12.240  -53.996    947.5    875.7
     3     1    24     9    11     1     0     0   -47.0  -12.732  -54.829   2866.3    694.6
     1     1    24     9    11     0     0     0   -48.0  -13.438  -51.168    965.2    884.3
     2     1    24     9    11     0     0     0   -48.0  -12.169  -53.824    956.2    874.6
     3     1    24     9    11     0     0     0   -48.0  -12.658  -54.650   2927.6    690.7
     1     1    24     9    10    23     0     0   -49.0  -13.362  -50.951    945.8    885.7
     2     1    24     9    10    23     0     0   -49.0  -12.106  -53.669    973.9    872.8
     3     1    24     9    10    23     0     0   -49.0  -12.601  -54.468   2981.1    686.7
     1     1    24     9    10    22     0     0   -50.0  -13.292  -50.745    932.2    886.5
     2     1    24     9    10    22     0     0   -50.0  -12.041  -53.526    995.0    871.3
     3     1    24     9    10    22     0     0   -50.0  -12.563  -54.284   3031.2    682.5
     1     1    24     9    10    21     0     0   -51.0  -13.240  -50.561    925.9    885.9
     2     1    24     9    10    21     0     0   -51.0  -11.983  -53.393   1018.6    868.9
     3     1    24     9    10    21     0     0   -51.0  -12.549  -54.117   3070.1    679.4
     1     1    24     9    10    20     0     0   -52.0  -13.200  -50.402    926.4    884.0
     2     1    24     9    10    20     0     0   -52.0  -11.934  -53.271   1032.4    867.2
     3     1    24     9    10    20     0     0   -52.0  -12.551  -53.968   3092.8    677.3
     1     1    24     9    10    19     0     0   -53.0  -13.158  -50.255    905.4    884.6
     2     1    24     9    10    19     0     0   -53.0  -11.889  -53.159   1033.7    866.7
     3     1    24     9    10    19     0     0   -53.0  -12.562  -53.821   3116.6    675.1
     1     1    24     9    10    18     0     0   -54.0  -13.110  -50.108    873.9    886.9
     2     1    24     9    10    18     0     0   -54.0  -11.842  -53.052   1025.1    868.0
     3     1    24     9    10    18     0     0   -54.0  -12.579  -53.675   3135.3    674.1
     1     1    24     9    10    17     0     0   -55.0  -13.050  -49.951    849.2    889.1
     2     1    24     9    10    17     0     0   -55.0  -11.790  -52.940   1013.3    870.2
     3     1    24     9    10    17     0     0   -55.0  -12.597  -53.530   3152.1    673.9
     1     1    24     9    10    16     0     0   -56.0  -12.974  -49.777    854.4    889.9
     2     1    24     9    10    16     0     0   -56.0  -11.730  -52.814   1015.2    871.3
     3     1    24     9    10    16     0     0   -56.0  -12.613  -53.387   3175.8    673.0
     1     1    24     9    10    15     0     0   -57.0  -12.884  -49.575    885.3    889.4
     2     1    24     9    10    15     0     0   -57.0  -11.656  -52.663   1035.0    869.5
     3     1    24     9    10    15     0     0   -57.0  -12.629  -53.251   3201.5    671.8
     1     1    24     9    10    14     0     0   -58.0  -12.796  -49.316    926.7    886.6
     2     1    24     9    10    14     0     0   -58.0  -11.564  -52.470   1070.7    865.8
     3     1    24     9    10    14     0     0   -58.0  -12.654  -53.131   3222.3    670.2
     1     1    24     9    10    13     0     0   -59.0  -12.698  -48.990    992.0    877.8
     2     1    24     9    10    13     0     0   -59.0  -11.457  -52.238   1110.1    862.0
     3     1    24     9    10    13     0     0   -59.0  -12.682  -53.020   3227.9    670.0
     1     1    24     9    10    12     0     0   -60.0  -12.574  -48.649   1111.6    861.4
     2     1    24     9    10    12     0     0   -60.0  -11.353  -51.990   1137.0    861.2
     3     1    24     9    10    12     0     0   -60.0  -12.700  -52.910   3220.3    670.1
     1     1    24     9    10    11     0     0   -61.0  -12.452  -48.315   1214.2    853.3
     2     1    24     9    10    11     0     0   -61.0  -11.264  -51.739   1131.1    867.1
     3     1    24     9    10    11     0     0   -61.0  -12.708  -52.799   3203.5    670.6
     1     1    24     9    10    10     0     0   -62.0  -12.336  -47.990   1261.7    842.1
     2     1    24     9    10    10     0     0   -62.0  -11.192  -51.472   1088.4    874.7
     3     1    24     9    10    10     0     0   -62.0  -12.707  -52.683   3179.6    671.5
     1     1    24     9    10     9     0     0   -63.0  -12.218  -47.698   1217.5    840.5
     2     1    24     9    10     9     0     0   -63.0  -11.149  -51.182   1038.1    880.1
     3     1    24     9    10     9     0     0   -63.0  -12.691  -52.564   3159.7    671.7
     1     1    24     9    10     8     0     0   -64.0  -12.116  -47.426   1044.0    863.0
     2     1    24     9    10     8     0     0   -64.0  -11.130  -50.881   1003.4    883.4
     3     1    24     9    10     8     0     0   -64.0  -12.662  -52.439   3151.5    672.0
     1     1    24     9    10     7     0     0   -65.0  -12.042  -47.153    835.1    882.8
     2     1    24     9    10     7     0     0   -65.0  -11.125  -50.576    982.0    885.4
     3     1    24     9    10     7     0     0   -65.0  -12.628  -52.302   3152.3    672.2
     1     1    24     9    10     6     0     0   -66.0  -11.980  -46.889    681.2    892.7
     2     1    24     9    10     6     0     0   -66.0  -11.135  -50.266    970.4    886.5
     3     1    24     9    10     6     0     0   -66.0  -12.589  -52.152   3157.5    672.2
     1     1    24     9    10     5     0     0   -67.0  -11.909  -46.628    648.1    883.6
     2     1    24     9    10     5     0     0   -67.0  -11.159  -49.950    941.7    889.7
     3     1    24     9    10     5     0     0   -67.0  -12.545  -51.984   3161.3    672.5
     1     1    24     9    10     4     0     0   -68.0  -11.825  -46.341    697.9    862.6
     2     1    24     9    10     4     0     0   -68.0  -11.196  -49.628    890.6    894.6
     3     1    24     9    10     4     0     0   -68.0  -12.497  -51.791   3155.6    672.6
     1     1    24     9    10     3     0     0   -69.0  -11.746  -46.030    678.2    857.3
     2     1    24     9    10     3     0     0   -69.0  -11.243  -49.298    867.3    892.8
     3     1    24     9    10     3     0     0   -69.0  -12.451  -51.570   3150.6    677.0
     1     1    24     9    10     2     0     0   -70.0  -11.677  -45.720    617.4    865.6
     2     1    24     9    10     2     0     0   -70.0  -11.290  -48.969    876.3    889.4
     3     1    24     9    10     2     0     0   -70.0  -12.405  -51.327   3147.7    681.6
     1     1    24     9    10     1     0     0   -71.0  -11.617  -45.420    566.4    876.5
     2     1    24     9    10     1     0     0   -71.0  -11.335  -48.661    890.3    889.2
     3     1    24     9    10     1     0     0   -71.0  -12.362  -51.073   3157.6    684.1
     1     1    24     9    10     0     0     0   -72.0  -11.566  -45.137    518.2    887.2
     2     1    24     9    10     0     0     0   -72.0  -11.376  -48.373    877.7    889.5
     3     1    24     9    10     0     0     0   -72.0  -12.321  -50.812   3168.2    683.8
